17.92
18.190001
17.68
17.85
18
18.040001
18.01
18.01
17.73
17.809999
17.860001
17.85
17.950001
18.209999
18.209999
18.1
17.959999
17.799999
17.9
17.700001
17.59
17.66
17.52
17.52
17.6
17.65
17.65
17.75
17.9
17.700001
17.5
17.99
17.83
17.610001
17.9
17.950001
17.780001
17.709999
17.549999
17.6
16.41
17.049999
17.1
17.09
17.1
17.200001
17.33
17.370001
17.48
17.42
17.35
17.6
17.6
17.23
16.99
17.32
17.190001
16.76
17.190001
17.43
17.41
17.73
17.5
16.91
16.75
16.709999
15.83
15.74
15.65
15.42
15.4
15.11
14.76
14.85
14.97
15
15.23
15.13
15.2
15.1
15.7
15.42
15.25
15.48
15.25
15.26
15.3
15.28
15.28
15.27
15.55
15.5
15.25
15.49
15.27
15.02
15.03
15.19
14.9
14.91
14.96
15.15
15.25
15.15
15.15
15.19
15.15
15.04
14.95
14.9
14.89
14.9
14.81
14.7
14.73
14.74
14.55
14.46
14.4
14.55
14.75
14.91
14.7
14.9
14.9
14.67
14.7
14.7
14.7
14.8
15.04
15
14.99
14.9
14.95
14.95
14.91
14.96
15.15
14.83
14.73
14.58
14.49
14.48
14.33
14.56
14.55
14.45
14.41
14.52
14.52
14.01
14.5
14.5
14.28
14.4
14.51
14.41
14.37
14.47
14.5
14.39
14.53
14.69
14.76
14.94
15
14.9
14.5
14.43
14.3
14.26
14.3
14.5
14.55
14.5
14.62
14.82
14.74
14.52
14.6
14.47
14.36
14.22
14.35
14.34
14.54
14.88
15.1
15.23
15.84
15.67
15.9
15.8
15.63
15.5
15.52
15.75
15.7
15.59
15.65
15.38
15.05
15.25
15.09
15.01
15.14
15.22
15.15
15.18
15.05
15.05
15.03
15.1
15.34
15.5
15.48
15.36
15.47
15.37
15.34
15.1
15.13
15.02
15.3
15.06
15.2
15.24
15.2
15
15
15.23
15.25
15.19
15.19
15.1
14.96
15.28
15.4
15.29
15.21
15.2
15.38
15.4
15.4
15.39
15.39
15.39
15.39
15.45
15.4
15.35
15.35
15.31
15.24
15.24
15.16
15.16
15.1
15.4
15.48
15.75
15.75
15.53
15.72
15.62
15.65
15.75
15.66
15.72
15.67
15.75
15.8
15.71
15.93
15.93
15.93
15.95
15.87
16.08
16.23
16.25
16.4
16.26
16.450001
16.25
15.8
15.75
15.4
15.44
15.25
15.4
15.55
15.45
15.65
15.85
15.72
15.98
16
16.24
16.23
16.09
15.91
16
15.99
16
15.75
15.87
15.7
15.75
15.25
15.21
14.76
14.9
14.74
14.85
15.24
15.25
15.11
15.1
15.46
15.72
16
15.98
15.73
16
16.01
16.09
15.99
16.02
16.030001
16.01
16.01
16.01
16.07
16.07
16.18
16.290001
16.879999
16.860001
17.200001
17
17.049999
16.76
16.610001
16.68
16.610001
16.67
16.6
16.67
16.690001
17
16.74
16.9
16.93
16.9
16.6
17
16.93
16.9
17.1
17.1
17.02
17.02
16.889999
16.9
16.76
16.6
16.25
16.200001
16.24
16.5
16.59
16.66
16.85
16.6
16.799999
16.620001
16.690001
16.4
16.049999
16.299999
16.32
16.299999
16.1
15.82
15.77
15.97
16.25
16.01
16.25
16.4
16.74
16.299999
15.9
16.4
15.1
14.33
14.25
13.94
13.86
12.72
12.62
12.25
10.9
10.51
10.84
11.2
11.65
13.32
13.49
13.11
13.27
13.12
13.46
13.92
13.97
13.55
13.4
13.74
13.25
13.49
13.63
13.52
13.25
13.33
13.25
13.25
13.43
12.97
12.97
13.25
13.15
13.11
13.28
13.25
13.27
13.16
13.49
13.27
13.37
13.22
13.1
13.31
13.26
13.36
13.23
13.69
13.51
13.75
13.75
13.56
13.5
13.8
14.05
13.8
13.76
13.75
13.25
13.22
13
12.6
12.6
12.65
13.03
12.9
13.1
13.02
13.2
13
13.13
13.31
13.2
13.34
14.58
14.25
14.07
13.64
13.45
13.56
13.73
13.6
13.61
13.66
13.52
13.59
13.96
13.85
13.71
13.5
13.71
13.37
13.41
13.84
13.79
13.39
13.57
13.57
13.65
13.54
13.61
13.58
15.23
15.5
15.9
16
15.77
16.08
16
15.97
16.639999
16.700001
17.48
17.99
18.07
17.1
17.549999
18.18
17.799999
17.82
18.24
18.02
18.309999
18.5
18.35
18.84
18.91
19.129999
19.09
18.610001
18.700001
18.58
18.5
18.49
18.75
18.5
18.459999
17.99
17.469999
17.290001
17.860001
18.549999
18.74
18.74
19.1
19.35
19.370001
19
19
18.99
19
18.459999
18.51
18.299999
18.42
18.26
18.4
18.59
18.59
18.629999
18.299999
18.66
18.459999
18.450001
19.48
19.9
19.91
19.950001
19.860001
19.91
19.82
19.870001
19.85
19.98
19.799999
19.9
19.799999
20
20.5
21.040001
21.139999
20.5
20.18
20
20
20
19.9
19.68
19.74
19.799999
20.120001
21.08
21.049999
20.5
20.780001
20.700001
20.85
20.67
20.91
20.629999
20.950001
20.9
20.85
20.799999
20.5
20.5
20.940001
21.290001
21.440001
21.6
21.68
21.73
21.25
21.09
21
20.889999
20.860001
20.99
20.6
20.6
20.51
20.940001
20.98
20.83
21.18
21.57
21.360001
21.42
21.25
21.08
20.639999
20.66
20.700001
20.65
20.700001
20.73
20.77
20.58
20.41
20.5
20.5
20.5
20.200001
20.09
20.58
20.58
20.57
20.620001
20.83
21.200001
21.58
22.07
22.620001
23
23.059999
23.18
23.1
23.23
23.24
23.139999
22.870001
22.99
22.65
22.5
22.01
22.32
22.67
22.200001
22.09
22.4
22.16
21.85
22.48
22.17
21.49
20.52
21.4
21.879999
21.92
21.33
21.129999
21.610001
22.030001
21.98
21.65
22.01
21.879999
21.5
21.5
21.1
20.889999
21.93
21.82
22
22.43
22.67
22.709999
23.25
23.49
23.709999
22.799999
22.559999
22.6
22.290001
21.83
21.9
21.85
22.09
21.559999
22.09
22.98
23.530001
23.209999
22.620001
22.65
22.559999
22.620001
22.83
22.540001
22.99
23.059999
22.799999
22.940001
22.799999
22.5
22.5
22.67
22.65
22.5
22.25
22.25
22.299999
22.299999
22.299999
22.16
22.190001
22.190001
22.299999
22.290001
22.120001
22.25
22.209999
22.129999
22.440001
23.1
23.190001
22.799999
23.440001
24
24
23.700001
23.41
23.98
25
25
25.09
25.08
25
24.799999
25
24.809999
24.77
25.219999
24.98
24.82
24.799999
25
24.790001
24.74
24.83
23.35
22.99
22.389999
22.200001
22.549999
23.049999
23.030001
23.02
23.02
23.059999
23.9
24.68
24.280001
23.75
23.799999
23.52
23.75
23.42
23.75
23.110001
23.07
23.940001
23.5
24.16
24.35
24.73
25
25.08
25.559999
26
25.790001
25.25
25.16
24.6
24.870001
25.42
26.299999
25.200001
25.110001
24.92
24.809999
24.65
24.389999
24.059999
24.5
24.440001
24.860001
24.16
24.549999
24.27
24.35
24.4
24.35
24.360001
24.01
24.25
24.15
24
24.01
23.700001
23.84
24.120001
24.25
24.219999
24.35
24.299999
23.98
24.049999
23.75
23.67
23.67
23.66
23.690001
23.959999
24.219999
24.440001
24.74
24.870001
24.639999
25.23
24.85
24.75
25.049999
25
25.1
25.1
25.030001
25.049999
24.83
25.129999
25
24.950001
24.940001
24.690001
24.219999
23.709999
24.4
24.25
24.280001
24.5
25.1
25
25
25.07
24.77
24.77
25.07
25
24.440001
24.01
24.16
24.16
24.18
23.92
24.549999
24.469999
24.09
23
23.040001
22.76
22.120001
22.120001
22.4
21.9
21.030001
21.1
21.35
21.530001
21.290001
21.57
21.139999
21.809999
22.15
22.389999
22.33
21.690001
21.799999
22.1
21.700001
21.9
22.84
22.6
22.290001
21.65
21.51
21.27
21.42
21.23
21.559999
21.309999
20.940001
21.02
20.76
20.76
20.809999
20.27
20.18
20.43
20.1
19.559999
19.74
19.67
19.6
19.440001
19.27
19
18.690001
18.700001
17.950001
17.790001
17.49
16.49
17.1
16.18
17.1
16.57
16.610001
16.690001
16.09
16.290001
16.85
17.07
17.620001
17.360001
17
17.16
16.790001
16.35
16
16.469999
16.629999
16.209999
15.9
15.71
15.78
15
15.27
15.45
15.95
15.84
16.26
16.639999
16.549999
16.01
16.66
15.73
16.48
15.5
15.57
16.139999
16.27
15.92
15.81
16.059999
15.67
15.03
15.85
16.309999
16.32
16.51
16.780001
16.639999
16.379999
16.24
16.280001
16.700001
16.59
16.629999
16.620001
16.5
16.49
16.65
18.1
19
18.18
17.49
18.43
18.23
17.969999
18.190001
18.02
17.98
17.9
17.99
17.58
17.440001
17.120001
17.530001
17.030001
17.24
17.51
17.799999
18.299999
17.709999
18.219999
17.969999
17.1
16.92
17.5
16.85
16.5
15.93
16.15
16.049999
15.81
16.17
16.16
16.09
16
16.23
16.49
17.030001
17.139999
16.559999
16.530001
17.09
17.299999
17.030001
16.950001
16.870001
16.74
16.700001
17.02
17.309999
17.4
17.200001
16.549999
16.83
17.049999
17.33
17
16.809999
17.040001
17.139999
17.59
18
18.41
16.9
16
16.120001
16.17
16.01
16
16.35
16.42
16.209999
16.370001
16.26
16.24
16.370001
16.4
16.15
16.25
16.379999
16.42
16.34
16.49
16.57
16.32
16.549999
16.370001
16.33
16.389999
16.290001
16.129999
16.15
16.16
16.43
16.219999
16.700001
17.190001
17.17
16.860001
16.91
16.940001
17.33
17.280001
17.219999
17.209999
17.43
17.639999
18.639999
17.549999
17.4
17.57
17.99
18.1
18.209999
18.110001
18
18.16
18.799999
18.93
19
19.25
18.530001
18.549999
18.75
18.799999
19.860001
19.790001
20.309999
20.49
19.6
20.15
19.950001
19.82
19.700001
19.540001
19.27
19.549999
19.93
19.440001
19.4
19.889999
19.870001
19.719999
18.969999
18.48
18.219999
18.1
18.129999
18.23
17.51
17.77
18.07
17.66
17.51
17.67
17.620001
17.02
17.139999
17.16
17.280001
17.290001
17.120001
17.200001
16.950001
17.120001
17.51
17.219999
17.129999
17.209999
17.73
18
18.59
18.84
18.25
18.389999
18
18.379999
18.43
19.35
19
19.52
19.5
21.940001
23.85
23.57
22.52
22.52
20.629999
20.58
21.32
20.549999
21
21.120001
20.879999
20.5
20.73
20.290001
20.559999
20.42
20.610001
20.93
21
21.25
21.58
21.4
21.43
20.809999
21.09
21.49
21.4
21.299999
21.219999
21.51
21.16
20.84
20.49
20.5
20.4
20.26
20.6
21.41
21.48
21.950001
21.42
21.719999
21.780001
21.299999
21.950001
21.67
21.27
21.549999
21.76
21.299999
21.35
21.639999
21.459999
21.75
22
21.76
22.290001
22.07
21.469999
22.209999
22.139999
21.66
21.74
21.209999
21.16
20.01
19.860001
19.809999
