13.8
14.23
13.84
14.13
14.15
13.51
13.34
13.32
13.3
13.23
13.39
13.3
13.2
12.78
13.14
13.29
13.43
13.77
14.09
14.05
13.96
13.92
13.93
13.47
13.33
13.21
13.17
13.35
13.1
12.93
13.28
13.02
12.22
12.14
12.8
13.08
12.67
12.61
12.85
12.05
12.35
12.34
11.98
12.26
12.21
11.78
11.59
11.61
9.45
9.14
8.97
9.55
9.63
8.8
9.43
8.93
8.88
9.02
8.9
9.42
9.31
9.7
9.96
10.03
10.21
10.28
10.3
10.15
9.72
9.93
9.91
9.78
9.76
9.61
9.78
9.95
9.87
9.78
9.62
9.71
9.28
9.03
8.8
9.17
8.95
8.64
8.96
9.15
8.78
9.08
9.4
9
9.23
8.85
9.49
9.52
9.63
10.66
10.89
11.22
11.61
11.6
11.34
11.08
11.12
11.44
11.39
11.33
10.93
10.83
11.2
11.11
10.86
11.05
11.03
10.91
10.81
10.85
11.28
11.77
11.13
11.19
10.86
11.13
11.07
11.41
11.15
11.41
11.3
11.15
10.56
10.5
10.1
9.91
9.42
9.13
9.53
10.14
9.84
9.6
9.3
9.18
8.77
8.58
8.7
8.73
8.63
8.65
8.46
8.45
8.63
8.29
8.13
7.73
8.08
8.1
8.13
8.17
8.23
8.04
7.94
7.64
7.65
7.99
7.88
7.73
7.64
7.63
7.7
7.61
7.66
7.38
7.22
7.22
7.1
7.05
7.17
7.91
8.08
8
8.04
9.08
10.31
10.72
9.97
8.88
10.48
9.43
9.55
9.44
9.66
9.3
9.28
9.39
9.04
8.9
9.15
9.08
8.74
8.87
9
9
9.07
8.98
9.25
9.21
9.01
9.07
9.24
9.25
9.37
9.35
9.33
9.38
9.38
9.71
10.45
10.34
10.73
10.67
10.93
11.42
11.42
11.5
10.99
11.05
10.98
11.07
11.09
11.01
10.97
11
11.22
11.11
11
11.32
10.98
10.79
10.93
10.52
10.7
10.8
10.95
11.25
11.4
11.16
11.34
11.31
11.65
11.89
